0.001175 0.250044 0.300000
0.999903 0.899882 0.599947
0.380573 0.492964 0.078304
0.167053 0.354889 0.202479
0.725880 0.647397 0.145035
0.889582 0.789052 0.380980
0.084163 0.299722 0.253651
0.262784 0.417278 0.145458
0.536006 0.559331 0.010585
0.212971 0.384930 0.174859
0.124158 0.326529 0.228728
0.821416 0.724823 0.263607
0.317900 0.452889 0.113616
0.946034 0.845350 0.491688
0.044597 0.274322 0.277340
0.454215 0.534399 0.036906
0.625810 0.585515 0.051565
0.415776 0.514308 0.058651
0.189589 0.369663 0.188866
0.289556 0.434588 0.129889
0.777025 0.687087 0.203085
0.918353 0.817635 0.436863
0.578351 0.568243 0.019098
0.022743 0.262082 0.288777
0.494971 0.549847 0.018512
0.237349 0.400781 0.160365
0.145276 0.340514 0.215777
0.064737 0.286842 0.265642
0.973179 0.872677 0.545938
0.103840 0.312940 0.241344
0.348122 0.472335 0.096453
0.858179 0.758596 0.323333
0.678556 0.614798 0.098456
0.276003 0.425815 0.137750
0.397790 0.503623 0.068802
0.601291 0.575400 0.031870
0.959662 0.859041 0.518860
0.651731 0.598763 0.074092
0.225012 0.392773 0.167676
0.840659 0.742207 0.293686
0.074435 0.293235 0.259690
0.033437 0.268163 0.283091
0.054846 0.280535 0.271512
0.134649 0.333485 0.222278
0.249887 0.408927 0.152959
0.201156 0.377240 0.181885
0.012175 0.256038 0.294402
0.515503 0.555166 0.013033
0.113913 0.319699 0.235086
0.178238 0.362218 0.195717
0.752096 0.667240 0.173524
0.932278 0.831569 0.464376
0.986594 0.886282 0.572957
0.474442 0.542911 0.026597
0.904169 0.803498 0.409089
0.364033 0.482513 0.087617
0.434597 0.524702 0.047969
0.303503 0.443605 0.121787
0.332768 0.462451 0.105131
0.556773 0.563285 0.012516
0.093906 0.306298 0.247540
0.156069 0.347650 0.209167
0.874359 0.774139 0.352412
0.800210 0.706402 0.233246
0.705693 0.632925 0.124466
0.896942 0.796319 0.395081
0.939177 0.838471 0.478042
0.119038 0.323111 0.231914
0.172592 0.358526 0.199098
0.882069 0.781666 0.366759
0.464275 0.538835 0.031435
0.356012 0.477383 0.092102
0.505242 0.552694 0.015412
0.811064 0.715739 0.248452
0.372215 0.487718 0.082993
0.108845 0.316315 0.238209
0.296483 0.439056 0.125885
0.269354 0.421510 0.141607
0.979899 0.879477 0.559448
0.525754 0.557353 0.011416
0.613352 0.580062 0.041287
0.638620 0.591759 0.062625
0.195352 0.373435 0.185419
0.340375 0.467359 0.100847
0.406682 0.508981 0.063774
0.069647 0.290030 0.262671
0.425087 0.519560 0.053359
0.665062 0.606473 0.085984
0.243566 0.404820 0.156711
0.849615 0.750519 0.308586
0.692129 0.623659 0.111287
0.183870 0.365930 0.192298
0.256293 0.413082 0.149225
0.207065 0.381078 0.178409
0.788855 0.696837 0.218132
0.739120 0.657282 0.159119
0.218980 0.388843 0.171271
0.567425 0.565550 0.015118
0.966431 0.865865 0.532407
0.764752 0.677207 0.188226
