0.029159 0.028991 0.026252
1.000000 0.901739 0.900670
0.587044 0.555576 0.361493
0.300312 0.299273 0.232366
0.897809 0.668505 0.566329
0.173607 0.173041 0.151594
0.983000 0.764455 0.741938
0.426680 0.423481 0.291250
0.770042 0.641377 0.456625
0.499813 0.489423 0.322518
0.108926 0.108623 0.099864
0.997265 0.833124 0.825884
0.685537 0.611258 0.409610
0.947647 0.703444 0.647044
0.364666 0.363212 0.263983
0.841297 0.654478 0.507039
0.235309 0.234470 0.194450
0.968259 0.731909 0.695067
0.076552 0.076296 0.070642
0.461904 0.456207 0.306269
0.332488 0.331280 0.248761
0.992236 0.798651 0.785580
0.140991 0.140564 0.126296
0.807810 0.649254 0.481257
0.999510 0.867470 0.863851
0.267938 0.266992 0.214362
0.635919 0.585808 0.384716
0.541388 0.522867 0.340746
0.202395 0.201692 0.172431
0.397300 0.395235 0.278557
0.868361 0.659428 0.532304
0.922312 0.681539 0.601525
0.727018 0.628240 0.431748
0.348549 0.347265 0.256467
0.789553 0.645828 0.468920
0.958650 0.716995 0.670991
0.284164 0.283175 0.223587
0.563732 0.539401 0.350797
0.988234 0.781462 0.764206
0.660832 0.599263 0.397028
0.520096 0.506153 0.331326
0.316418 0.315302 0.240716
0.444025 0.439786 0.298639
0.976371 0.747846 0.718828
0.251671 0.250761 0.204658
0.480458 0.472760 0.314179
0.380907 0.379198 0.271303
0.883246 0.663333 0.548526
0.749190 0.635592 0.444261
0.935448 0.691564 0.623735
0.218872 0.218103 0.183680
0.157222 0.156756 0.139098
0.611203 0.571142 0.372824
0.056203 0.055961 0.051274
0.824986 0.652004 0.493880
0.999937 0.884606 0.882330
0.998661 0.850316 0.845083
0.995180 0.815897 0.806101
0.124835 0.124484 0.113213
0.093274 0.092973 0.086288
0.911997 0.675275 0.585829
0.185960 0.185342 0.160696
0.703665 0.619184 0.419105
0.413963 0.411339 0.285769
0.853082 0.656418 0.517457
0.875845 0.661242 0.540221
0.194194 0.193519 0.166642
0.210638 0.209903 0.178153
0.860774 0.657841 0.524721
0.435297 0.431630 0.294913
0.116855 0.116562 0.106586
0.490030 0.481079 0.318289
0.227091 0.226298 0.189124
0.963634 0.724299 0.683043
0.998039 0.841727 0.835548
0.043586 0.043359 0.039417
0.798829 0.647646 0.475078
0.816524 0.650686 0.487527
0.324438 0.323304 0.244764
0.979870 0.756084 0.730482
0.356605 0.355248 0.260248
0.085276 0.085021 0.078791
0.149082 0.148613 0.132748
0.953313 0.710026 0.658964
0.890568 0.665734 0.557222
0.941681 0.697278 0.635273
0.715479 0.623928 0.425434
0.985784 0.772921 0.753181
0.101038 0.100786 0.093141
0.509839 0.497800 0.326847
0.340511 0.339286 0.252648
0.575270 0.547552 0.356064
0.996319 0.824512 0.816079
0.372762 0.371195 0.267635
0.673242 0.605450 0.403304
0.066992 0.066746 0.061506
0.276087 0.275096 0.219036
0.990378 0.790041 0.775001
0.308370 0.307283 0.236608
0.972506 0.739776 0.707015
