0.974435 0.974358 0.974039
0.300376 0.001865 0.005395
0.663627 0.520134 0.394568
0.574617 0.291212 0.276585
0.753087 0.727392 0.630559
0.450116 0.152406 0.150238
0.703297 0.636487 0.474567
0.632388 0.413162 0.347757
0.825432 0.819854 0.799276
0.375996 0.080518 0.085505
0.894686 0.893625 0.889711
0.612446 0.358175 0.320621
0.779633 0.764750 0.708936
0.519395 0.223357 0.218545
0.730024 0.690405 0.553729
0.679953 0.573890 0.421938
0.647751 0.465067 0.370521
0.485456 0.187651 0.184460
0.337762 0.039997 0.052327
0.857798 0.855127 0.845259
0.933995 0.933657 0.932390
0.716866 0.665801 0.512632
0.690669 0.604815 0.443906
0.655654 0.492529 0.382411
0.799381 0.789604 0.753290
0.596443 0.325876 0.301162
0.413642 0.117080 0.116915
0.742411 0.710966 0.594852
0.639749 0.437538 0.358559
0.547040 0.255099 0.247090
0.671940 0.548283 0.407838
0.766155 0.746383 0.671761
0.624161 0.388168 0.336093
0.788802 0.776556 0.730851
0.356840 0.061064 0.070322
0.605102 0.342354 0.311480
0.318914 0.019130 0.029528
0.696777 0.620722 0.458106
0.432034 0.134856 0.133402
0.954127 0.953954 0.953293
0.651708 0.478798 0.376473
0.561478 0.273243 0.262364
0.811565 0.804034 0.776162
0.467928 0.169998 0.167303
0.618722 0.373414 0.328744
0.586302 0.308819 0.289547
0.685071 0.589133 0.431953
0.643774 0.451324 0.364570
0.759420 0.736742 0.651047
0.840914 0.836961 0.822387
0.736284 0.701060 0.574352
0.667713 0.534100 0.400984
0.502649 0.205398 0.201581
0.875820 0.874094 0.867728
0.710058 0.651650 0.492920
0.394960 0.099059 0.100920
0.659616 0.506298 0.388428
0.723542 0.678717 0.533065
0.914142 0.913527 0.911239
0.748486 0.720419 0.615252
0.636661 0.427139 0.353989
0.675257 0.559103 0.413475
0.627843 0.398978 0.341245
0.531549 0.236932 0.231003
0.771609 0.753964 0.687524
0.713466 0.658865 0.502649
0.682453 0.581455 0.426725
0.641770 0.444441 0.361582
0.591565 0.317420 0.295519
0.554408 0.264180 0.254861
0.539406 0.245981 0.239130
0.706662 0.644164 0.483533
0.693663 0.612751 0.450717
0.347287 0.050813 0.061797
0.649734 0.471941 0.373496
0.459061 0.161222 0.158751
0.775495 0.759241 0.698164
0.634552 0.420163 0.350908
0.653676 0.485660 0.379435
0.328305 0.028994 0.041679
0.904349 0.903540 0.900528
0.669806 0.541155 0.404328
0.665652 0.527107 0.397732
0.885162 0.883807 0.878779
0.404334 0.108099 0.108855
0.441100 0.143644 0.141783
0.720226 0.672423 0.522796
0.568223 0.282267 0.269626
0.832981 0.828259 0.810843
0.630159 0.406106 0.344534
0.784061 0.770509 0.719827
0.699992 0.628648 0.466063
0.476733 0.178802 0.175846
0.818287 0.811776 0.787700
0.756221 0.732051 0.640779
0.677568 0.566447 0.417553
0.739368 0.706088 0.584623
0.511086 0.214356 0.210104
0.309614 0.009960 0.017575
0.866685 0.864526 0.856550
