0.018513 0.030323 0.040780
0.990743 0.753129 0.844243
0.512611 0.481122 0.208142
0.905817 0.607224 0.387114
0.221792 0.335193 0.320103
0.099048 0.194810 0.232379
0.353644 0.409360 0.272813
0.986448 0.678636 0.624536
0.724766 0.553188 0.223074
0.961213 0.641035 0.505355
0.285925 0.374946 0.304064
0.614908 0.519570 0.195861
0.156004 0.276147 0.300894
0.992573 0.713995 0.730083
0.821227 0.579171 0.287225
0.429935 0.445229 0.237417
0.065295 0.111812 0.136574
0.939399 0.624502 0.449037
0.387883 0.425735 0.256346
0.990893 0.696312 0.677772
0.126857 0.240022 0.274620
0.251710 0.355198 0.315573
0.080790 0.154778 0.188638
0.191253 0.310846 0.316965
0.992449 0.731956 0.782627
0.673443 0.538372 0.204668
0.774488 0.566607 0.250993
0.316769 0.391095 0.290521
0.976236 0.658417 0.561727
0.565538 0.501923 0.197790
0.469736 0.462960 0.221669
0.863776 0.591754 0.330553
0.046912 0.076977 0.093391
0.173556 0.294428 0.310775
0.112086 0.217721 0.254898
0.268751 0.365341 0.310498
0.408481 0.435379 0.246826
0.644015 0.529201 0.198646
0.072509 0.132771 0.162552
0.991783 0.742445 0.813170
0.982155 0.668518 0.593404
0.538571 0.491567 0.202080
0.885767 0.599286 0.358020
0.334965 0.400200 0.281891
0.923739 0.615617 0.417579
0.952732 0.633819 0.481108
0.368065 0.416312 0.265832
0.204460 0.321901 0.319412
0.452317 0.455302 0.228247
0.059840 0.096955 0.117574
0.090567 0.177545 0.214133
0.992701 0.721638 0.752499
0.991885 0.703875 0.700236
0.702875 0.547030 0.213960
0.034413 0.059722 0.074236
0.299021 0.381926 0.298565
0.586401 0.509584 0.196003
0.970577 0.650903 0.537674
0.138951 0.256048 0.287251
0.234681 0.344173 0.318940
0.493842 0.473306 0.213560
0.846122 0.586299 0.311204
0.988771 0.686219 0.647523
0.794960 0.572046 0.265581
0.753468 0.561000 0.237930
0.896046 0.603196 0.372373
0.164731 0.285506 0.306317
0.808252 0.575621 0.276121
0.147380 0.266306 0.294544
0.344221 0.404760 0.277399
0.688177 0.542766 0.208891
0.946354 0.629107 0.465016
0.076456 0.143668 0.175595
0.992630 0.726777 0.767519
0.931854 0.620007 0.433199
0.440997 0.450241 0.232761
0.398087 0.430528 0.251604
0.419098 0.440271 0.242092
0.260210 0.360342 0.313216
0.551934 0.496747 0.199677
0.525458 0.486342 0.204928
0.979417 0.663465 0.577622
0.966164 0.645940 0.521531
0.658707 0.533834 0.201229
0.277316 0.370193 0.307415
0.984488 0.673577 0.609045
0.481657 0.468124 0.217516
0.213139 0.328745 0.320104
0.992164 0.737174 0.797837
0.989960 0.691262 0.662700
0.377884 0.420993 0.261105
0.629405 0.524435 0.196891
0.325789 0.395648 0.286257
0.085423 0.166078 0.201483
0.119265 0.228989 0.265133
0.307831 0.386515 0.294629
0.068875 0.122095 0.149526
0.992311 0.708933 0.715164
0.105300 0.206323 0.243914
0.182400 0.302864 0.314300
