0.011981 0.022573 0.035904
0.975501 0.976274 0.977357
0.305518 0.476477 0.733948
0.624191 0.685007 0.789847
0.087109 0.229650 0.368992
0.788178 0.804194 0.832210
0.056384 0.125156 0.196606
0.479345 0.594535 0.790488
0.153954 0.344049 0.556846
0.045051 0.079044 0.117653
0.068913 0.176975 0.283021
0.704334 0.739216 0.799930
0.549202 0.637997 0.790009
0.112829 0.284309 0.458486
0.403303 0.545276 0.780636
0.884407 0.889169 0.897425
0.215817 0.405646 0.650748
0.061699 0.150350 0.239005
0.663273 0.710647 0.792717
0.052160 0.101711 0.156035
0.835874 0.845109 0.861230
0.131066 0.313894 0.507327
0.356473 0.513144 0.763584
0.586368 0.661093 0.789401
0.029592 0.056240 0.085837
0.076503 0.201186 0.322635
0.933024 0.935148 0.938729
0.747950 0.771854 0.813625
0.183305 0.375718 0.606966
0.445286 0.572867 0.788275
0.097979 0.255039 0.410388
0.255036 0.437998 0.692653
0.512164 0.615042 0.790690
0.908728 0.911983 0.917579
0.167706 0.359624 0.581840
0.860096 0.866825 0.878548
0.567734 0.649493 0.789639
0.380536 0.529840 0.773546
0.279816 0.457215 0.714499
0.530700 0.626540 0.790399
0.020473 0.040333 0.064433
0.643523 0.697537 0.790870
0.725811 0.754971 0.805841
0.049925 0.090660 0.136487
0.605160 0.672904 0.789420
0.424823 0.559551 0.785364
0.811858 0.824176 0.845719
0.065067 0.163520 0.260829
0.683508 0.724484 0.795640
0.121396 0.299066 0.482819
0.054125 0.113245 0.176024
0.081609 0.215346 0.345666
0.331288 0.495266 0.750405
0.058867 0.137574 0.217588
0.104971 0.269647 0.434331
0.141836 0.328866 0.532002
0.093033 0.244102 0.392550
0.770726 0.789903 0.823450
0.073118 0.190723 0.305543
0.951235 0.952699 0.955088
0.039346 0.069830 0.103998
0.493499 0.603420 0.790734
0.196417 0.388241 0.625804
0.460098 0.582352 0.789582
0.231855 0.419234 0.669101
0.673322 0.717468 0.794031
0.057498 0.131313 0.207043
0.292592 0.466879 0.724569
0.016150 0.031315 0.051380
0.070924 0.183813 0.294223
0.343988 0.504348 0.757409
0.759257 0.780731 0.818274
0.060281 0.143906 0.228260
0.614636 0.678906 0.789572
0.558450 0.643730 0.789815
0.034477 0.063258 0.095163
0.318440 0.485956 0.742578
0.920878 0.923531 0.928041
0.055201 0.119133 0.186266
0.633816 0.691207 0.790270
0.502852 0.609260 0.790754
0.435177 0.566313 0.787016
0.243180 0.428532 0.681034
0.414204 0.552548 0.783260
0.160607 0.351779 0.569319
0.051245 0.096126 0.146191
0.108794 0.276974 0.446386
0.469792 0.588497 0.790134
0.577037 0.655270 0.789496
0.872247 0.877930 0.887806
0.963367 0.964462 0.966166
0.053115 0.107415 0.165953
0.539944 0.632270 0.790209
0.392078 0.537716 0.777427
0.175265 0.367587 0.594392
0.116986 0.291687 0.470635
0.205827 0.396829 0.638320
0.653336 0.704011 0.791674
0.896571 0.900524 0.907359
0.047784 0.084964 0.126972
