0.171032 0.100402 0.299782
0.973568 0.971024 0.994603
0.465406 0.545307 0.854810
0.157206 0.336879 0.549998
0.777876 0.757757 0.954305
0.159471 0.214084 0.413758
0.670216 0.652234 0.928904
0.243553 0.435617 0.721257
0.872548 0.860879 0.973823
0.575760 0.595989 0.896895
0.166051 0.158875 0.357969
0.153005 0.275975 0.477209
0.186619 0.388711 0.633736
0.727695 0.703915 0.943730
0.824815 0.808891 0.963984
0.340093 0.488042 0.796701
0.921066 0.913737 0.983823
0.947251 0.942272 0.989213
0.753034 0.730802 0.949152
0.169084 0.129892 0.328738
0.210863 0.411761 0.677651
0.155952 0.244485 0.444564
0.627490 0.623854 0.915206
0.402847 0.517310 0.828402
0.163081 0.184398 0.383795
0.518335 0.568956 0.875424
0.895095 0.885439 0.978468
0.799691 0.781515 0.958806
0.169932 0.366457 0.594581
0.703538 0.680123 0.938058
0.152674 0.308529 0.513749
0.846989 0.833043 0.968558
0.289622 0.462495 0.763516
0.687888 0.666281 0.933957
0.197982 0.400359 0.655767
0.960399 0.956621 0.991911
0.167646 0.144378 0.343319
0.152323 0.292137 0.494857
0.812223 0.795169 0.961389
0.161310 0.199141 0.398700
0.547548 0.582405 0.886461
0.859742 0.846929 0.971184
0.740512 0.717375 0.946509
0.157676 0.229179 0.429013
0.371217 0.502778 0.813363
0.225816 0.423384 0.699481
0.434346 0.531477 0.842105
0.650114 0.638043 0.922685
0.154309 0.260084 0.460536
0.934133 0.927970 0.986516
0.602558 0.609800 0.906550
0.170227 0.115240 0.314216
0.765464 0.744257 0.951736
0.908057 0.899559 0.981142
0.162589 0.352195 0.572090
0.264778 0.448649 0.742750
0.714271 0.690376 0.940666
0.154555 0.324864 0.533993
0.310367 0.473307 0.778324
0.882187 0.871384 0.975809
0.834302 0.819214 0.965939
0.787207 0.767912 0.956232
0.495894 0.558869 0.866797
0.164797 0.169787 0.369002
0.178949 0.379540 0.617045
0.695936 0.673235 0.936114
0.253725 0.442028 0.732066
0.771667 0.751005 0.953024
0.840640 0.826123 0.967249
0.589354 0.602864 0.901830
0.163968 0.177075 0.376391
0.927593 0.920843 0.985170
0.168373 0.137129 0.336012
0.449948 0.538437 0.848559
0.158601 0.221601 0.421349
0.234292 0.429408 0.710390
0.818510 0.802020 0.962686
0.153392 0.316727 0.523706
0.901566 0.892492 0.979807
0.734158 0.710651 0.945148
0.218033 0.417528 0.688571
0.152339 0.300310 0.504136
0.159616 0.344655 0.560957
0.793444 0.774703 0.957517
0.169698 0.122543 0.321462
0.679329 0.659281 0.931567
0.639110 0.630941 0.919099
0.759251 0.737524 0.950450
0.966981 0.963815 0.993262
0.204231 0.406065 0.666711
0.152563 0.284007 0.485886
0.888635 0.878403 0.977140
0.805948 0.788334 0.960097
0.355555 0.495425 0.805247
0.162198 0.191754 0.391238
0.533049 0.575682 0.881008
0.155097 0.252261 0.452491
0.480729 0.552119 0.860879
0.192134 0.394587 0.644771
0.174249 0.373130 0.605830
