0.103874 0.056805 0.202430
0.997080 0.997331 0.848870
0.563011 0.529688 0.525114
0.462234 0.276236 0.424573
0.630128 0.771868 0.599299
0.536606 0.412692 0.488492
0.808223 0.933171 0.718248
0.294424 0.136973 0.313331
0.583497 0.645232 0.556875
0.198334 0.090586 0.255503
0.572757 0.586964 0.541042
0.509958 0.348119 0.462373
0.552068 0.472205 0.508179
0.387525 0.201501 0.372794
0.699729 0.854314 0.646806
0.913165 0.978977 0.789269
0.598263 0.702644 0.573423
0.863479 0.960723 0.755237
0.658936 0.811644 0.619512
0.525257 0.381250 0.476556
0.342232 0.167175 0.343369
0.545217 0.442864 0.498851
0.557835 0.501057 0.516843
0.610971 0.735764 0.584603
0.489342 0.313046 0.445236
0.957082 0.990222 0.820124
0.751359 0.896511 0.680752
0.577825 0.615890 0.548907
0.246101 0.111594 0.283828
0.567895 0.558269 0.533147
0.151193 0.072938 0.228453
0.428105 0.238504 0.400253
0.590386 0.675311 0.565256
0.408536 0.219817 0.386848
0.222124 0.100564 0.269515
0.935755 0.985295 0.805042
0.575244 0.601388 0.544972
0.541178 0.427906 0.493829
0.603999 0.718897 0.578684
0.677803 0.832762 0.632232
0.518191 0.364909 0.469800
0.586736 0.660155 0.560982
0.365331 0.183889 0.358244
0.977430 0.994125 0.834679
0.619550 0.753381 0.591390
0.318504 0.151468 0.328340
0.548817 0.457607 0.503609
0.570308 0.572605 0.537115
0.836396 0.948178 0.737015
0.555048 0.486669 0.512567
0.565463 0.543976 0.529160
0.580561 0.630500 0.552855
0.889102 0.970900 0.772676
0.174746 0.081435 0.241823
0.500399 0.330819 0.454223
0.446034 0.257394 0.412860
0.643130 0.791291 0.608593
0.779589 0.915826 0.699323
0.476659 0.294809 0.435375
0.724452 0.875781 0.663094
0.270259 0.123649 0.298454
0.531341 0.397143 0.482757
0.560474 0.515380 0.521015
0.127575 0.064935 0.215312
0.593494 0.686879 0.568627
0.650666 0.801356 0.613824
0.418507 0.229127 0.393641
0.162979 0.077038 0.235110
0.553581 0.479451 0.510385
0.924629 0.982335 0.797248
0.483211 0.303979 0.440413
0.573986 0.594170 0.543012
0.534059 0.404954 0.485673
0.139386 0.068939 0.221840
0.566689 0.551124 0.531156
0.737676 0.886282 0.671776
0.469677 0.285545 0.430087
0.210211 0.095479 0.262461
0.495074 0.321996 0.449837
0.600992 0.710704 0.575991
0.528414 0.389248 0.479726
0.595776 0.694703 0.570973
0.115663 0.061046 0.208843
0.636305 0.781462 0.603756
0.550476 0.464923 0.505906
0.234096 0.105965 0.276636
0.559168 0.508232 0.518945
0.667984 0.822127 0.625636
0.901325 0.975180 0.781079
0.987328 0.995795 0.841810
0.967363 0.992281 0.827457
0.822415 0.940982 0.727678
0.765368 0.906386 0.689964
0.624560 0.762508 0.595185
0.564247 0.536837 0.527144
0.538970 0.420326 0.491215
0.330424 0.159176 0.335860
0.581995 0.637846 0.554854
0.711776 0.865095 0.654744
0.437290 0.247962 0.406658
