0.977754 0.977754 0.977754
0.022447 0.022447 0.022447
0.464402 0.464402 0.464402
0.710290 0.710290 0.710290
0.240256 0.240256 0.240256
0.137370 0.137370 0.137370
0.842027 0.842027 0.842027
0.582949 0.582949 0.582949
0.347368 0.347368 0.347368
0.773506 0.773506 0.773506
0.087931 0.087933 0.087932
0.907227 0.907227 0.907227
0.189375 0.189375 0.189375
0.648093 0.648093 0.648093
0.407017 0.407017 0.407017
0.292982 0.292982 0.292982
0.523068 0.523068 0.523068
0.112340 0.112340 0.112340
0.615363 0.615363 0.615363
0.807631 0.807631 0.807631
0.163067 0.163067 0.163067
0.942369 0.942369 0.942369
0.376987 0.376987 0.376987
0.554858 0.554858 0.554858
0.876680 0.876680 0.876680
0.216301 0.216301 0.216301
0.739673 0.739673 0.739673
0.437458 0.437458 0.437458
0.491625 0.491625 0.491625
0.058816 0.058816 0.058816
0.681130 0.681130 0.681130
0.264651 0.264651 0.264651
0.321786 0.321786 0.321786
0.202750 0.202750 0.202750
0.790534 0.790534 0.790534
0.756553 0.756553 0.756553
0.074504 0.074505 0.074505
0.391949 0.391949 0.391949
0.631694 0.631694 0.631694
0.100056 0.100057 0.100057
0.150137 0.150137 0.150137
0.859321 0.859321 0.859321
0.960031 0.960031 0.960031
0.307325 0.307325 0.307325
0.176112 0.176112 0.176112
0.824791 0.824791 0.824791
0.924761 0.924761 0.924761
0.422177 0.422177 0.422177
0.362122 0.362122 0.362122
0.507296 0.507296 0.507296
0.664575 0.664575 0.664575
0.278770 0.278770 0.278770
0.124733 0.124733 0.124733
0.599122 0.599122 0.599122
0.538921 0.538921 0.538921
0.448967 0.448967 0.448967
0.332720 0.332720 0.332720
0.697764 0.697764 0.697764
0.226524 0.226524 0.226524
0.250670 0.250670 0.250670
0.476028 0.476028 0.476028
0.727048 0.727048 0.727048
0.894113 0.894113 0.894113
0.044716 0.044716 0.044716
0.570877 0.570877 0.570877
0.106202 0.106203 0.106203
0.499439 0.499439 0.499439
0.156584 0.156584 0.156584
0.196056 0.196056 0.196056
0.799077 0.799077 0.799077
0.718658 0.718658 0.718658
0.933554 0.933554 0.933554
0.369534 0.369534 0.369534
0.233358 0.233358 0.233358
0.483804 0.483804 0.483804
0.951192 0.951192 0.951192
0.033552 0.033552 0.033552
0.456663 0.456663 0.456663
0.639888 0.639888 0.639888
0.816207 0.816207 0.816207
0.340026 0.340026 0.340026
0.399461 0.399461 0.399461
0.257645 0.257645 0.257645
0.833401 0.833401 0.833401
0.607239 0.607239 0.607239
0.850662 0.850662 0.850662
0.131045 0.131045 0.131045
0.623525 0.623525 0.623525
0.672851 0.672851 0.672851
0.968884 0.968884 0.968884
0.169598 0.169598 0.169598
0.429806 0.429806 0.429806
0.384448 0.384448 0.384448
0.118541 0.118541 0.118541
0.271680 0.271680 0.271680
0.300142 0.300142 0.300142
0.765025 0.765025 0.765025
0.414588 0.414588 0.414588
0.067013 0.067014 0.067014
0.515167 0.515167 0.515167
