1.000000 0.995792 0.995630
0.004637 0.098343 0.349833
0.487926 0.528073 0.219689
0.907149 0.672180 0.516481
0.126576 0.372589 0.382340
0.066347 0.261923 0.377420
0.994914 0.819823 0.804891
0.742823 0.614585 0.265760
0.281172 0.453849 0.319020
0.611435 0.570616 0.197082
0.049465 0.191514 0.365883
0.841438 0.647106 0.393892
0.086163 0.319146 0.384832
0.960963 0.719053 0.649193
1.000000 0.919515 0.917749
0.380564 0.490346 0.268779
0.196804 0.417914 0.358876
0.432844 0.508841 0.243475
0.158287 0.396424 0.373569
0.074722 0.290850 0.381694
0.982258 0.764508 0.728333
0.059056 0.230019 0.372281
0.031891 0.146753 0.358229
0.935018 0.689766 0.578695
0.547198 0.548608 0.201224
0.876785 0.659459 0.456431
0.999489 0.873048 0.867823
1.000000 0.960136 0.959490
0.330066 0.472127 0.294217
0.102811 0.346633 0.385611
0.797642 0.632594 0.328440
0.678626 0.593304 0.218155
0.240272 0.437545 0.339169
0.989780 0.791754 0.767880
1.000000 0.940497 0.939436
0.218027 0.427911 0.349563
1.000000 0.978494 0.978119
0.948316 0.702501 0.612626
0.113716 0.359846 0.384591
0.459940 0.518331 0.231262
0.355133 0.481216 0.281518
0.070259 0.276546 0.379654
0.079937 0.305058 0.383472
0.578726 0.559444 0.196644
0.859944 0.653422 0.425620
0.972482 0.739853 0.688143
0.054774 0.211752 0.369266
0.019623 0.122982 0.354106
0.042104 0.169711 0.362175
0.406433 0.499522 0.256044
0.997972 0.847203 0.838249
1.000000 0.897109 0.894081
0.820812 0.640231 0.361344
0.921295 0.679968 0.546917
0.141488 0.384800 0.378701
0.771646 0.624066 0.296099
0.176781 0.407449 0.366938
0.093708 0.333047 0.385618
0.516956 0.538156 0.209364
0.711566 0.604272 0.239170
0.062771 0.246598 0.374979
0.892407 0.665555 0.486558
0.305400 0.463000 0.306777
0.644949 0.581983 0.204022
0.257547 0.444599 0.330774
0.052254 0.201845 0.367610
0.941729 0.695707 0.595351
0.999842 0.885298 0.881323
1.000000 0.908502 0.906194
0.107987 0.353292 0.385241
0.082923 0.312102 0.384210
0.149666 0.390693 0.376333
0.133788 0.378770 0.380713
0.037367 0.158357 0.360219
0.594947 0.564990 0.196125
0.119874 0.366291 0.383641
0.727453 0.609526 0.251884
0.045968 0.180761 0.364057
1.000000 0.987256 0.986989
0.012565 0.110825 0.351981
0.446292 0.513556 0.237334
0.831423 0.643746 0.377704
0.473806 0.523168 0.225350
0.884727 0.662478 0.471563
0.986319 0.777917 0.748321
0.293216 0.458438 0.312941
0.269300 0.449242 0.324965
0.098076 0.339885 0.385728
0.850921 0.650319 0.409880
0.928203 0.684556 0.562590
0.785008 0.628449 0.312105
0.809572 0.636521 0.344891
0.060869 0.238500 0.373673
0.186615 0.412757 0.363076
0.914285 0.675882 0.531586
0.367784 0.485773 0.275148
0.167344 0.402003 0.370431
0.072397 0.283712 0.380708
0.064516 0.254395 0.376235
0.502293 0.533067 0.214322
