0.103516 0.047787 0.393530
0.997061 0.949794 0.951206
0.360819 0.549891 0.640171
0.174648 0.324189 0.576375
0.710016 0.677433 0.588473
0.525243 0.621396 0.608531
0.239324 0.444741 0.628602
0.139754 0.195043 0.493668
0.921627 0.811765 0.732241
0.440469 0.590724 0.628476
0.155540 0.260614 0.538183
0.201145 0.385703 0.606888
0.292426 0.500203 0.640175
0.612966 0.646088 0.589253
0.123592 0.126483 0.444704
0.821705 0.733207 0.633983
0.976874 0.887774 0.847236
0.263901 0.473016 0.635749
0.876063 0.771202 0.678318
0.764653 0.701485 0.603849
0.568544 0.633927 0.597963
0.164432 0.292642 0.558150
0.482525 0.607248 0.619130
0.131988 0.161319 0.469615
0.324864 0.525966 0.641679
0.399630 0.571580 0.635673
0.659659 0.659784 0.584952
0.147494 0.228107 0.516608
0.218546 0.415577 0.618923
0.114243 0.089643 0.419241
0.955031 0.851205 0.789852
0.186704 0.355244 0.592662
0.988763 0.917498 0.896251
0.684298 0.667952 0.585491
0.993443 0.933791 0.923821
0.159813 0.276698 0.548383
0.127907 0.144071 0.457236
0.251124 0.459003 0.632503
0.379928 0.561035 0.638283
0.461391 0.599309 0.624023
0.967245 0.869874 0.818701
0.308175 0.513289 0.641296
0.209453 0.400739 0.613179
0.939894 0.831794 0.760897
0.169354 0.308487 0.567495
0.546807 0.627800 0.603143
0.900253 0.791422 0.704464
0.503819 0.614576 0.613904
0.151423 0.244401 0.527578
0.277664 0.486772 0.638314
0.109104 0.069760 0.406401
0.793132 0.716409 0.616996
0.193613 0.370536 0.600036
0.180394 0.339788 0.584762
0.849627 0.751621 0.654582
0.342455 0.538188 0.641300
0.143626 0.211653 0.505290
0.119106 0.108384 0.432027
0.590556 0.639951 0.593245
0.135893 0.178292 0.481764
0.228495 0.430255 0.624066
0.419859 0.581482 0.632384
0.736837 0.688533 0.594444
0.635943 0.652601 0.586361
0.982652 0.900735 0.868388
0.985912 0.909180 0.882357
0.157646 0.268677 0.543330
0.697019 0.672507 0.586641
0.471940 0.603355 0.621614
0.947844 0.841589 0.775364
0.430122 0.586191 0.630505
0.601704 0.642989 0.591137
0.647693 0.656096 0.585447
0.223407 0.422932 0.621560
0.166843 0.300573 0.562887
0.111749 0.079829 0.412831
0.300180 0.506793 0.640826
0.514519 0.618048 0.611232
0.177479 0.332008 0.580625
0.351541 0.544103 0.640829
0.162111 0.284675 0.553315
0.190072 0.362901 0.596411
0.557650 0.630889 0.600512
0.931155 0.821841 0.746497
0.863083 0.761293 0.666100
0.149461 0.236283 0.522132
0.245082 0.451902 0.630636
0.911317 0.801607 0.718196
0.171920 0.316363 0.571989
0.991256 0.925692 0.910067
0.450901 0.595097 0.626305
0.137889 0.186673 0.487756
0.778837 0.708706 0.609936
0.493147 0.610986 0.616551
0.333561 0.532136 0.641585
0.153444 0.252535 0.532927
0.116730 0.099126 0.425637
0.183476 0.347530 0.588765
0.233772 0.437528 0.626406
0.579518 0.636939 0.595529
