0.101441 0.200110 0.700194
1.000000 0.999989 0.400094
0.325731 0.523075 0.498902
0.567196 0.766250 0.434306
0.188513 0.368188 0.614982
0.739616 0.901376 0.405005
0.439505 0.637999 0.466094
0.146648 0.286201 0.657214
0.247068 0.443126 0.556836
0.380098 0.578061 0.481253
0.639735 0.834610 0.417842
0.214697 0.407021 0.589024
0.867883 0.954967 0.400665
0.501847 0.700731 0.450538
0.125813 0.244322 0.678320
0.167115 0.327367 0.636491
0.283755 0.480545 0.523580
0.200717 0.388001 0.602850
0.684831 0.868982 0.410515
0.351966 0.549630 0.489345
0.264746 0.461264 0.539834
0.802106 0.929992 0.401890
0.934106 0.977879 0.400283
0.114496 0.222699 0.689172
0.470328 0.669029 0.458397
0.156880 0.306831 0.646841
0.230292 0.425262 0.573509
0.177520 0.347876 0.625992
0.601739 0.800118 0.425999
0.409398 0.607651 0.473662
0.534088 0.733130 0.442513
0.136327 0.265434 0.667684
0.304936 0.502001 0.509249
0.454835 0.653426 0.462265
0.222326 0.416219 0.581455
0.255782 0.452118 0.548322
0.238559 0.434195 0.565258
0.338565 0.536058 0.493873
0.394629 0.592751 0.477439
0.834823 0.942847 0.401115
0.151764 0.296539 0.652018
0.194447 0.378180 0.609108
0.485991 0.684792 0.454495
0.365854 0.563673 0.485185
0.172248 0.337633 0.631277
0.550519 0.749592 0.438427
0.770173 0.916201 0.403168
0.120279 0.233585 0.683714
0.294012 0.490955 0.516096
0.131137 0.254955 0.672979
0.517878 0.716845 0.446543
0.584205 0.783089 0.430163
0.711022 0.885567 0.407469
0.162002 0.317106 0.641664
0.424359 0.622735 0.469902
0.274045 0.470701 0.531541
0.901018 0.966580 0.400418
0.620108 0.817305 0.421867
0.182872 0.358073 0.620594
0.141543 0.275872 0.662432
0.207501 0.397623 0.596167
0.108299 0.211567 0.694659
0.661151 0.851901 0.414009
0.967110 0.988992 0.400190
0.316562 0.513775 0.503071
0.104955 0.205896 0.697423
0.251414 0.447595 0.552578
0.786012 0.923226 0.402459
0.218472 0.411640 0.585301
0.431922 0.630349 0.467997
0.204080 0.392837 0.599568
0.149229 0.291388 0.654606
0.269365 0.465931 0.535653
0.650187 0.843264 0.415892
0.950623 0.983452 0.400235
0.697607 0.877350 0.408922
0.133757 0.260201 0.670328
0.234418 0.429738 0.569412
0.180160 0.352981 0.623315
0.226292 0.420749 0.577521
0.983572 0.994500 0.400145
0.387326 0.585380 0.479342
0.558814 0.757902 0.436376
0.629725 0.825948 0.419844
0.159416 0.311952 0.644249
0.754686 0.908919 0.404012
0.138935 0.270668 0.665046
0.525961 0.724966 0.444538
0.509834 0.708768 0.448549
0.478136 0.676893 0.456446
0.154318 0.301673 0.649430
0.299399 0.496376 0.512590
0.345206 0.542783 0.491567
0.358852 0.556596 0.487239
0.725038 0.893583 0.406169
0.462548 0.661207 0.460331
0.592898 0.791580 0.428085
0.310668 0.507797 0.506069
0.884451 0.960825 0.400522
0.117443 0.228185 0.686435
