0.000000 0.019685 0.292012
0.991225 0.990266 0.957179
0.408958 0.546451 0.581444
0.698295 0.753176 0.560263
0.177131 0.344670 0.583369
0.911203 0.920947 0.752783
0.527774 0.625506 0.536859
0.076446 0.189523 0.460213
0.294100 0.464065 0.615615
0.029301 0.106057 0.374962
0.817606 0.846639 0.643551
0.464329 0.582532 0.557753
0.236951 0.412082 0.611486
0.125424 0.272075 0.533513
0.604224 0.681075 0.531891
0.353988 0.509431 0.602681
0.965056 0.965457 0.858165
0.324245 0.487812 0.610895
0.053198 0.147767 0.418496
0.495092 0.603030 0.546205
0.980894 0.979764 0.909052
0.206677 0.379888 0.600726
0.563623 0.651081 0.531322
0.100232 0.231150 0.498959
0.757429 0.799359 0.595157
0.148829 0.306845 0.559451
0.011304 0.069327 0.336184
0.865852 0.884764 0.693264
0.434592 0.563134 0.570334
0.651246 0.716808 0.541600
0.941033 0.945214 0.803571
0.379726 0.527104 0.593457
0.267452 0.441112 0.616066
0.954248 0.956221 0.831368
0.339182 0.498847 0.607163
0.088241 0.210376 0.480040
0.041347 0.126873 0.396885
0.626842 0.698160 0.535385
0.221726 0.396375 0.606919
0.583210 0.665439 0.530670
0.545210 0.637827 0.533480
0.449372 0.572751 0.563984
0.727356 0.775826 0.575875
0.394350 0.536854 0.587588
0.309243 0.476234 0.613751
0.252201 0.426993 0.614500
0.986597 0.985368 0.933382
0.162813 0.326038 0.572213
0.064890 0.168643 0.439659
0.112653 0.251752 0.516836
0.787797 0.823187 0.617890
0.973823 0.973215 0.884030
0.890009 0.903974 0.722994
0.002313 0.047559 0.313999
0.479531 0.592602 0.551784
0.511121 0.613951 0.541157
0.191756 0.362638 0.592890
0.670753 0.731827 0.548316
0.839067 0.863572 0.664290
0.138646 0.292108 0.548881
0.018680 0.085081 0.352845
0.925092 0.932174 0.774837
0.365046 0.517123 0.598919
0.423577 0.555966 0.575124
0.278917 0.451219 0.616346
0.933419 0.938962 0.789317
0.989028 0.987890 0.945342
0.852758 0.874388 0.678630
0.006607 0.058541 0.325077
0.441970 0.567921 0.567154
0.983897 0.982669 0.921295
0.387038 0.531999 0.590563
0.802828 0.835007 0.630403
0.047327 0.137341 0.407744
0.977550 0.976620 0.896639
0.900987 0.912750 0.737920
0.416266 0.551214 0.578297
0.286504 0.457721 0.616132
0.214180 0.388229 0.604032
0.573256 0.658113 0.530786
0.000000 0.034324 0.302951
0.244543 0.419636 0.613178
0.878287 0.894641 0.708082
0.401651 0.541653 0.584549
0.331721 0.493382 0.609131
0.346594 0.504196 0.605004
0.169931 0.335449 0.577990
0.959932 0.961044 0.844890
0.969674 0.969503 0.871210
0.372390 0.522136 0.596244
0.947963 0.950955 0.817589
0.259841 0.434141 0.615458
0.229314 0.404323 0.609400
0.094218 0.220797 0.489612
0.106425 0.241472 0.508043
0.638815 0.707284 0.538138
0.554280 0.644322 0.532239
0.456815 0.577609 0.560839
0.684308 0.742324 0.553837
0.316755 0.482093 0.612438
