0.700151 0.002745 0.700612
1.000000 1.000000 0.400203
0.805481 0.522745 0.495000
0.735568 0.306883 0.564853
0.860250 0.739997 0.440361
0.772302 0.416545 0.528136
0.891647 0.857274 0.411817
0.703122 0.183741 0.611790
0.832315 0.628325 0.468218
0.874658 0.797545 0.426015
0.930380 0.924494 0.402333
0.789713 0.469411 0.510744
0.716339 0.247586 0.585309
0.700422 0.111272 0.650035
0.846160 0.683675 0.454415
0.754311 0.362743 0.546124
0.818608 0.573611 0.481898
0.700953 0.149193 0.629284
0.763371 0.389823 0.537065
0.839214 0.655902 0.461342
0.725860 0.277747 0.574723
0.853170 0.711699 0.447413
0.882276 0.826956 0.418775
0.797894 0.495924 0.502571
0.867400 0.768593 0.433228
0.906404 0.889529 0.406013
0.708265 0.216333 0.597337
0.825452 0.600903 0.475075
0.700339 0.066138 0.674024
0.963014 0.961688 0.400787
0.745056 0.335166 0.555357
0.781110 0.443016 0.519342
0.812583 0.549811 0.487916
0.801763 0.509301 0.498715
0.981286 0.980779 0.400448
0.712011 0.232099 0.591073
0.701729 0.166801 0.620147
0.758860 0.376350 0.541561
0.785450 0.456202 0.515007
0.793877 0.482635 0.506589
0.749704 0.349024 0.550714
0.856699 0.725811 0.443905
0.700575 0.130794 0.639246
0.809081 0.536254 0.491419
0.740347 0.321115 0.560077
0.767850 0.403228 0.532586
0.700369 0.090118 0.661647
0.863818 0.754257 0.436810
0.776727 0.429800 0.523723
0.721012 0.262798 0.579897
0.700279 0.036129 0.687067
0.828883 0.614590 0.471655
0.871012 0.783023 0.429635
0.917142 0.906675 0.403876
0.705275 0.200200 0.604213
0.945848 0.942888 0.401355
0.822036 0.587241 0.478479
0.886573 0.841950 0.415222
0.878381 0.812177 0.422386
0.898055 0.873088 0.408695
0.730731 0.292428 0.569729
0.842684 0.669764 0.457878
0.849662 0.697652 0.450924
0.835759 0.642088 0.464790
0.815178 0.560003 0.485315
0.990680 0.990397 0.400321
0.799853 0.502601 0.500622
0.847907 0.690654 0.452675
0.774514 0.423171 0.525928
0.700355 0.078557 0.667747
0.742714 0.328153 0.557711
0.872831 0.790273 0.427834
0.761122 0.383103 0.539305
0.700726 0.140079 0.634169
0.810839 0.543029 0.489643
0.770080 0.409898 0.530357
0.862032 0.747115 0.438584
0.816898 0.566806 0.483600
0.880295 0.819541 0.420578
0.884356 0.834420 0.416995
0.714113 0.239864 0.588131
0.702337 0.175336 0.615867
0.876504 0.804847 0.424205
0.834038 0.635197 0.466506
0.700226 0.019196 0.693784
0.911455 0.898012 0.404859
0.803641 0.516005 0.496832
0.820320 0.580426 0.480189
0.830598 0.621451 0.469943
0.858470 0.732893 0.442142
0.894649 0.865109 0.410221
0.756589 0.369556 0.543837
0.701279 0.158084 0.624615
0.851410 0.704667 0.449178
0.747393 0.342111 0.553026
0.888981 0.849563 0.413497
0.752015 0.355908 0.548416
0.869206 0.775798 0.431443
0.710053 0.224219 0.594134
0.704093 0.192033 0.607911
