0.180627 0.129916 0.300244
0.900472 0.900123 0.940051
0.767861 0.431199 0.607790
0.467788 0.351091 0.523965
0.829768 0.655978 0.771864
0.834110 0.550453 0.696461
0.624015 0.397168 0.575129
0.312311 0.244675 0.416090
0.854249 0.771471 0.852124
0.830031 0.602304 0.733784
0.386314 0.301752 0.473581
0.549880 0.383480 0.558423
0.823150 0.491898 0.653657
0.693170 0.403970 0.584410
0.244814 0.186502 0.357622
0.876275 0.835142 0.895733
0.838462 0.713881 0.812350
0.277979 0.215505 0.386769
0.426337 0.327992 0.500233
0.348325 0.273673 0.445226
0.801296 0.459445 0.629480
0.588099 0.392240 0.568620
0.864804 0.803086 0.873811
0.212499 0.157916 0.328752
0.509444 0.369805 0.543590
0.832288 0.576535 0.715295
0.832939 0.684396 0.791810
0.729876 0.412855 0.592772
0.658464 0.400135 0.579609
0.832595 0.522672 0.676250
0.888274 0.867515 0.917827
0.828918 0.628653 0.752543
0.845051 0.740430 0.830738
0.228599 0.172138 0.343143
0.785670 0.444338 0.617993
0.675658 0.401708 0.581780
0.894368 0.883797 0.928919
0.831057 0.670054 0.781761
0.711216 0.407470 0.587915
0.859387 0.787218 0.862937
0.330097 0.259251 0.430713
0.569294 0.388425 0.564070
0.870449 0.819064 0.884748
0.849455 0.755867 0.841386
0.833394 0.563609 0.705976
0.813906 0.475607 0.641580
0.488682 0.361046 0.534347
0.835417 0.699014 0.802010
0.261278 0.200942 0.372155
0.834021 0.536885 0.686602
0.829202 0.507681 0.665273
0.829268 0.615369 0.743111
0.446951 0.340021 0.512544
0.831094 0.589380 0.724534
0.829067 0.642178 0.762124
0.367058 0.287868 0.459557
0.606313 0.395091 0.572252
0.882230 0.851290 0.906760
0.529895 0.377288 0.551623
0.294964 0.230077 0.401431
0.641325 0.398748 0.577490
0.748950 0.420648 0.599331
0.196548 0.143832 0.314443
0.406106 0.315187 0.487202
0.842045 0.728973 0.822816
0.840192 0.721397 0.817566
0.829036 0.621976 0.747814
0.885244 0.859397 0.912287
0.204515 0.150846 0.321581
0.597284 0.393772 0.570538
0.833825 0.557074 0.701248
0.499089 0.365589 0.539117
0.416168 0.321674 0.493799
0.829605 0.608823 0.738432
0.831190 0.515276 0.670847
0.818947 0.483773 0.647656
0.832866 0.570077 0.710651
0.236700 0.179309 0.350370
0.578778 0.390463 0.566473
0.702109 0.405530 0.586030
0.436612 0.334121 0.506490
0.829346 0.649044 0.766973
0.856778 0.779324 0.857517
0.478238 0.356221 0.529300
0.830337 0.662981 0.776794
0.303592 0.237416 0.408762
0.851806 0.763646 0.846740
0.321155 0.251983 0.423403
0.808016 0.467455 0.635498
0.632707 0.398012 0.576370
0.836872 0.706423 0.807167
0.739395 0.416419 0.595813
0.720469 0.409892 0.590145
0.867604 0.811065 0.879271
0.559666 0.386090 0.561388
0.667036 0.400885 0.580663
0.891315 0.875649 0.923371
0.220543 0.164997 0.335928
0.897421 0.891954 0.934479
0.357638 0.280787 0.452429
