0.005193 0.098238 0.349842
0.981354 0.800406 0.981267
0.511253 0.510898 0.193296
0.133298 0.375282 0.379395
0.950697 0.616649 0.428624
0.066899 0.263188 0.377594
0.302379 0.450282 0.300122
0.754268 0.565033 0.211761
0.992771 0.707689 0.712380
0.209075 0.417412 0.349677
0.088353 0.322167 0.384731
0.865168 0.585882 0.302255
0.988596 0.661378 0.575265
0.402968 0.480466 0.244731
0.631513 0.540752 0.170075
0.049378 0.191076 0.365810
0.988754 0.753949 0.846627
0.455774 0.495585 0.217774
0.912746 0.599191 0.360986
0.075833 0.293321 0.381922
0.254452 0.434529 0.326434
0.106842 0.349774 0.384548
0.351976 0.465440 0.272492
0.570016 0.526186 0.175273
0.811692 0.575187 0.252572
0.032053 0.146774 0.358239
0.975835 0.638012 0.501826
0.167952 0.397889 0.367784
0.059164 0.229842 0.372252
0.693720 0.553797 0.182610
0.991116 0.730489 0.778606
0.992813 0.684815 0.645423
0.985503 0.778378 0.917444
0.278171 0.442524 0.313552
0.081553 0.307858 0.383598
0.019936 0.122985 0.354120
0.231362 0.426197 0.338572
0.889900 0.592087 0.330454
0.783416 0.570162 0.230962
0.600520 0.533605 0.170648
0.429094 0.488011 0.231096
0.149706 0.386975 0.374449
0.662691 0.547503 0.174044
0.983574 0.649590 0.538819
0.991479 0.673165 0.610835
0.540225 0.518584 0.183099
0.964943 0.626934 0.464860
0.724322 0.559628 0.195408
0.054721 0.211234 0.369184
0.377291 0.472952 0.258588
0.118992 0.362849 0.382713
0.063071 0.247085 0.375050
0.071115 0.278497 0.379895
0.187886 0.408003 0.359484
0.993112 0.696314 0.679177
0.483123 0.503216 0.205037
0.992054 0.719049 0.745403
0.096618 0.336161 0.385134
0.042104 0.169557 0.362151
0.933176 0.607369 0.393817
0.838999 0.580339 0.276353
0.987280 0.766047 0.881699
0.327007 0.457900 0.286377
0.990018 0.742102 0.812285
0.983322 0.790905 0.953748
0.045905 0.180460 0.364007
0.415967 0.484225 0.237895
0.678244 0.550712 0.177803
0.877741 0.588873 0.316081
0.923300 0.603137 0.377139
0.768942 0.567630 0.221045
0.942332 0.611867 0.411006
0.242795 0.430418 0.332635
0.585199 0.529927 0.172493
0.064936 0.255264 0.376362
0.052164 0.201323 0.367524
0.986435 0.772184 0.899493
0.158620 0.392531 0.371320
0.647098 0.544183 0.171465
0.988046 0.759964 0.864078
0.084778 0.315043 0.384240
0.101481 0.343036 0.384981
0.266241 0.438555 0.320085
0.991607 0.724754 0.761959
0.339469 0.461685 0.279468
0.141260 0.381240 0.377135
0.073440 0.285942 0.380957
0.390070 0.476711 0.251665
0.314648 0.454107 0.293279
0.069002 0.270922 0.378774
0.497089 0.507058 0.198994
0.057033 0.220754 0.370750
0.852247 0.583037 0.289036
0.012963 0.110779 0.351992
0.797665 0.572682 0.241490
0.992305 0.679007 0.628251
0.177752 0.403041 0.363833
0.525637 0.514746 0.187990
0.825472 0.577725 0.264197
0.037449 0.158313 0.360216
