0.018013 0.350759 0.550621
0.996243 0.996171 0.698978
0.626869 0.646788 0.594963
0.764075 0.762421 0.523289
0.326271 0.465925 0.521293
0.708812 0.709534 0.568766
0.861512 0.860452 0.540887
0.177458 0.391784 0.513049
0.491529 0.561375 0.569911
0.409218 0.512981 0.544212
0.802191 0.800830 0.514461
0.111530 0.368473 0.528660
0.674515 0.681260 0.587161
0.933100 0.932200 0.610780
0.736247 0.734937 0.545368
0.247844 0.424274 0.509654
0.563002 0.605094 0.588223
0.596881 0.626766 0.593482
0.144686 0.379151 0.519678
0.652681 0.664939 0.592725
0.749600 0.748000 0.533633
0.966076 0.965459 0.654183
0.286174 0.444150 0.513674
0.450777 0.537224 0.557322
0.367501 0.489060 0.531815
0.692958 0.696002 0.578945
0.211608 0.406770 0.509516
0.073701 0.359182 0.539198
0.781043 0.779497 0.516019
0.897426 0.896421 0.571595
0.829003 0.827817 0.521841
0.722948 0.722327 0.557351
0.530693 0.585077 0.580845
0.915496 0.914534 0.590402
0.684106 0.688813 0.583340
0.844633 0.843518 0.529830
0.471298 0.549333 0.563759
0.701148 0.702889 0.574052
0.093625 0.363683 0.533770
0.949988 0.949200 0.632179
0.716043 0.715996 0.563175
0.160967 0.385187 0.516015
0.742865 0.741355 0.539408
0.430056 0.525086 0.550751
0.128323 0.373600 0.523925
0.306067 0.454839 0.517072
0.346799 0.477365 0.526255
0.266757 0.433929 0.511179
0.772146 0.770535 0.519134
0.790986 0.789529 0.514339
0.640302 0.656106 0.594288
0.664071 0.673324 0.590315
0.729654 0.728619 0.551380
0.981443 0.981063 0.676508
0.612386 0.637005 0.594700
0.580390 0.616118 0.591311
0.879265 0.878238 0.554923
0.388342 0.500959 0.537855
0.229427 0.415209 0.509106
0.814834 0.813567 0.516827
0.194305 0.398958 0.510850
0.756623 0.754973 0.528201
0.049338 0.354908 0.544840
0.511351 0.573311 0.575664
0.544802 0.593755 0.584297
0.679411 0.685086 0.585337
0.588745 0.621488 0.592520
0.553992 0.599465 0.586365
0.785872 0.784371 0.514980
0.726322 0.725482 0.554375
0.732960 0.731770 0.548378
0.202868 0.402785 0.510071
0.521092 0.579218 0.578325
0.633720 0.651506 0.594740
0.440432 0.531151 0.554040
0.619766 0.641951 0.594950
0.377914 0.494993 0.534782
0.808328 0.807015 0.515329
0.461063 0.543281 0.560560
0.760284 0.758628 0.525665
0.646622 0.660577 0.593613
0.776480 0.774894 0.517432
0.958134 0.957421 0.643125
0.658498 0.669191 0.591621
0.906500 0.905515 0.580769
0.220468 0.410915 0.509193
0.870305 0.869266 0.547548
0.102767 0.366043 0.531173
0.501497 0.567363 0.572853
0.033826 0.352811 0.547716
0.821730 0.820503 0.518989
0.185830 0.395300 0.511845
0.169188 0.388418 0.514450
0.257235 0.429035 0.510295
0.746207 0.744643 0.536499
0.296067 0.449435 0.515256
0.357142 0.483182 0.528972
0.796417 0.795008 0.514147
0.688623 0.692451 0.581208
0.941643 0.940794 0.621377
